83 65 75 71 52 77 42 71 47 96 29 65 33 24 51 24 73 64 46 42 59 32 37 90 69 95 58 19 90 77 88 86 37 90 67 90 21 93 14 54 93 34 68 27 61 87 42 88 91 66
32 51 35 40 20 36 79 36 73 37 77 49 16 39 12 46 41 58 62 90 15 85 90 95 10 42 31 81 30 87 66 34 45 17 54 40 92 19 48 21 28 15 37 61 30 68 96 94 27 14
41 47 75 90 13 61 24 96 90 92 45 95 89 88 27 92 22 37 41 92 14 17 55 68 94 74 40 24 30 50 12 18 67 93 79 75 24 46 49 71 18 41 70 98 97 63 51 19 59 91
40 84 76 49 11 35 20 11 88 30 87 14 13 32 48 26 21 64 80 34 36 38 13 37 29 38 26 27 10 18 32 55 16 68 46 34 66 40 34 58 93 70 58 47 55 68 28 44 52 30
25 44 71 70 42 49 74 54 38 73 30 82 37 93 74 79 84 34 27 77 46 37 85 74 94 92 45 11 26 32 27 42 57 38 42 82 62 91 67 70 76 33 94 69 36 75 68 41 80 22
39 52 83 13 15 51 27 33 10 53 30 70 83 64 49 42 44 37 14 73 61 71 17 45 59 75 83 16 39 78 14 39 18 46 91 58 78 58 33 92 37 47 43 46 51 11 92 54 79 34
20 45 22 25 95 50 17 23 36 65 54 24 88 41 23 47 34 47 78 66 41 18 89 25 43 73 78 46 45 21 99 93 66 54 43 38 35 15 78 53 62 29 68 25 10 30 60 46 15 46
81 40 24 26 79 20 68 90 46 68 21 49 84 36 38 92 59 29 61 91 27 60 81 64 88 26 26 60 64 94 26 15 55 32 39 37 78 45 80 12 13 29 55 99 81 43 12 14 17 42
85 36 75 64 70 18 20 57 77 88 20 59 79 89 46 40 69 34 73 27 95 35 19 75 17 95 12 48 51 25 62 77 99 72 29 41 32 63 69 15 62 10 98 58 40 85 78 88 42 24
84 73 44 19 11 76 65 54 17 53 89 38 39 81 94 58 45 98 61 66 31 47 91 74 90 63 78 14 23 73 24 51 36 12 92 93 23 81 55 92 34 54 93 90 32 44 71 60 85 41
94 43 80 98 85 68 14 13 36 39 21 29 25 63 42 33 50 21 84 81 84 40 75 81 20 21 22 69 18 95 76 12 42 31 96 70 89 44 92 18 79 71 90 81 11 78 42 68 21 28
43 35 28 21 51 37 36 71 89 19 49 63 60 47 15 71 76 90 46 47 40 57 14 80 74 84 63 11 55 45 92 52 17 81 39 26 91 38 82 92 25 21 49 97 68 48 39 42 77 67
30 90 54 22 89 51 92 59 58 94 32 37 49 95 11 77 61 80 72 27 97 68 91 33 25 95 15 73 54 96 50 12 27 14 40 37 77 34 26 42 63 32 38 35 85 60 42 39 17 74
11 97 88 48 30 57 29 92 53 25 54 74 92 68 47 51 96 71 51 74 92 25 34 57 16 56 87 51 10 96 93 94 52 44 24 59 86 25 93 61 27 34 36 61 24 64 55 87 40 85
49 34 68 43 83 56 41 16 84 58 80 76 56 24 83 40 96 83 23 47 66 54 52 32 85 13 77 50 13 20 94 13 98 86 18 83 49 17 18 14 64 60 16 71 63 78 71 97 65 97
49 35 78 43 86 44 67 18 77 86 42 85 82 41 12 26 62 81 64 78 77 37 94 73 79 51 14 84 22 36 29 70 11 94 22 35 62 12 36 28 79 73 67 69 55 18 87 15 20 51
60 55 11 94 66 86 51 98 24 18 22 84 29 45 18 38 70 66 74 84 68 18 53 98 43 20 51 32 43 98 49 40 51 39 52 53 82 48 77 81 49 13 80 22 29 30 19 13 22 72
23 44 47 21 84 69 76 16 83 91 35 85 85 87 11 14 67 97 79 16 20 21 41 73 26 40 16 32 95 81 37 69 73 10 62 87 90 98 83 57 35 15 95 38 60 78 27 86 43 79
56 30 50 72 11 69 59 58 62 28 68 30 38 66 35 59 92 81 85 94 86 42 55 91 86 19 93 50 38 77 55 57 63 60 94 79 49 39 85 82 19 12 38 76 33 21 69 19 14 93
86 28 69 39 87 49 31 30 11 77 32 97 80 39 54 11 77 42 35 22 73 20 91 19 88 37 52 71 72 98 61 13 44 11 75 24 93 28 87 56 71 30 59 83 24 54 27 88 78 77
95 10 78 40 20 42 77 86 92 62 55 27 17 18 27 69 65 26 22 20 35 16 16 29 23 26 76 72 91 17 36 66 90 77 65 72 86 90 11 35 81 13 18 25 43 39 14 75 55 90
87 15 64 38 35 69 19 25 37 75 10 30 54 35 86 25 65 88 56 96 76 87 58 38 93 88 33 45 77 71 65 97 43 13 37 92 38 64 48 23 95 47 67 63 68 13 46 73 27 69
61 28 65 71 30 78 95 39 67 14 75 32 81 68 16 97 96 19 75 61 53 79 35 38 74 41 82 55 72 61 24 22 89 12 90 85 66 96 50 85 95 57 94 22 19 95 62 87 84 39
95 68 34 88 93 84 76 69 18 16 69 41 14 57 23 86 41 22 22 78 38 82 15 81 56 62 24 41 64 69 26 38 40 45 13 29 70 72 53 29 77 46 83 99 78 32 23 21 64 95
74 70 34 54 68 98 77 52 13 80 13 79 95 19 46 81 10 69 98 81 41 23 53 81 59 46 14 18 76 60 14 38 79 26 46 44 33 29 62 13 36 76 89 46 35 25 68 87 83 74
38 52 28 58 99 22 38 23 14 31 83 71 95 32 44 67 60 58 85 15 31 28 82 53 88 32 12 12 84 58 56 60 34 81 70 46 75 77 50 67 88 22 98 60 91 17 47 87 37 25
31 18 83 56 44 65 72 70 12 64 54 77 61 60 12 18 42 24 93 20 89 67 86 29 44 14 85 96 71 33 29 97 55 74 46 36 94 63 68 36 19 61 11 76 94 80 87 33 55 28
21 91 35 77 20 36 83 64 46 35 34 24 87 62 79 53 21 40 63 10 80 67 93 20 85 50 96 34 17 25 89 35 41 43 57 25 94 85 49 47 76 96 98 16 96 37 70 82 73 30
36 78 88 33 51 13 11 95 56 10 85 94 29 69 70 90 96 50 26 90 96 73 16 64 86 77 24 29 94 18 61 73 46 55 33 72 23 31 61 55 29 55 29 80 98 85 27 71 22 62
59 37 20 18 25 22 19 15 43 41 38 36 78 61 31 51 46 77 52 93 30 44 49 80 19 60 16 40 22 68 94 90 57 37 23 64 63 56 18 97 53 46 71 53 89 81 78 91 34 37
26 17 59 17 93 97 12 87 53 68 82 77 61 93 89 71 73 98 63 48 67 92 14 80 28 49 65 25 65 80 76 54 81 28 68 31 91 41 62 84 13 21 39 49 68 62 11 67 83 42
38 21 97 95 27 69 41 14 19 50 62 93 37 25 20 49 90 45 13 96 62 72 22 42 56 36 85 48 25 14 95 52 61 88 56 16 79 62 37 81 13 36 90 53 47 41 71 12 41 89
71 11 84 50 87 72 14 87 78 38 12 91 95 21 67 76 54 10 63 81 78 78 79 94 17 58 33 81 50 13 47 24 86 61 30 31 69 94 22 77 14 98 29 92 86 59 96 88 46 57
82 36 98 67 43 93 66 12 55 84 14 66 41 42 74 16 49 31 97 46 49 96 43 54 46 17 67 20 14 46 69 58 56 25 72 71 52 19 25 64 91 61 49 73 48 99 58 31 48 14
19 75 91 20 12 40 43 71 22 78 96 54 14 20 89 33 31 77 38 76 48 44 67 42 33 12 21 51 71 90 18 76 33 77 29 18 33 81 33 92 66 92 59 12 87 42 72 29 61 95
44 68 58 89 43 96 46 72 14 68 84 32 27 72 74 79 85 13 98 48 31 97 45 48 46 75 35 65 95 51 47 93 19 12 83 87 95 45 17 42 38 31 67 28 70 91 41 14 34 55
80 92 80 72 14 72 15 23 11 95 73 40 98 96 58 60 33 72 74 35 66 94 34 54 55 67 65 24 62 91 23 46 99 33 62 27 12 36 36 22 57 15 18 48 27 38 37 82 50 67
54 79 93 13 24 71 15 27 52 82 33 56 54 46 39 92 52 71 88 69 54 83 56 31 50 45 51 75 35 37 24 37 87 78 72 26 66 49 83 94 39 59 40 25 68 60 55 67 51 51
53 56 84 66 71 78 89 43 23 13 66 90 11 75 93 33 58 54 87 70 93 59 33 88 85 76 33 36 65 32 26 73 91 59 51 36 18 13 66 79 96 42 44 48 34 91 74 14 64 29
79 64 62 30 68 67 70 42 37 62 11 54 37 41 12 83 40 78 51 34 42 15 16 77 84 34 69 76 19 79 60 39 12 91 68 67 91 14 70 51 26 46 11 39 86 90 89 22 64 27
80 41 84 30 89 66 84 49 68 65 44 19 55 90 13 20 86 87 66 10 94 42 70 82 96 57 89 90 15 65 48 99 13 31 60 45 68 78 59 12 46 34 32 42 96 21 23 18 52 31
61 45 98 42 14 21 89 80 29 56 66 43 52 41 67 74 75 14 57 74 35 22 45 66 30 69 64 15 79 70 86 25 66 43 88 79 29 29 86 91 16 91 76 71 25 41 40 21 88 56
65 51 75 36 26 12 48 21 98 24 65 64 48 56 61 81 84 64 19 33 80 49 30 89 21 77 31 60 11 86 14 30 16 16 45 45 59 67 21 54 25 27 91 52 56 25 72 48 86 85
46 38 21 53 36 15 33 91 88 75 63 72 87 88 71 73 83 86 56 89 36 70 82 71 56 18 30 71 85 25 12 15 27 25 96 68 35 61 80 19 96 47 61 40 49 17 41 20 48 39
42 50 67 13 41 71 62 21 70 58 15 95 42 52 13 87 89 50 84 38 57 83 76 28 81 14 59 51 91 13 90 88 20 71 97 42 93 28 12 38 18 50 35 71 94 13 61 24 18 47
22 92 14 78 13 53 31 19 52 58 20 21 70 57 77 62 62 41 36 76 47 34 54 43 55 82 68 74 64 18 49 51 20 40 54 61 46 10 82 38 61 90 49 85 65 54 91 69 77 40
81 85 90 80 23 26 42 52 84 34 14 12 93 53 14 94 55 75 51 42 12 70 53 61 53 96 39 26 59 64 30 65 27 35 68 67 48 74 19 85 29 57 57 25 54 29 97 84 38 19
94 58 60 71 64 44 61 33 47 97 50 83 60 66 53 35 42 34 89 63 13 38 25 19 86 81 55 50 72 33 57 44 90 80 39 30 21 41 31 83 85 67 54 46 17 38 32 60 78 32
70 82 79 12 55 53 31 67 27 82 82 81 42 67 46 52 19 83 62 41 76 11 68 11 78 81 63 34 79 74 86 37 83 47 65 17 38 29 23 25 82 37 95 68 76 67 93 67 20 92
64 68 39 22 78 36 36 13 90 88 84 42 74 28 11 55 50 92 25 81 61 53 19 11 27 63 64 70 57 40 50 33 24 97 44 26 23 31 75 80 70 89 75 67 49 97 91 53 20 63